58.0
51.0
56.0
61.0
43.0
29.0
47.0
78.0
84.0
92.0
51.0
68.0
56.0
61.0
72.0
90.0
72.0
64.0
47.0
45.0
44.0
42.0
75.0
52.0
57.0
74.0
55.0
62.0
76.0
54.0
54.0
60.0
51.0
82.0
64.0
81.0
66.0
59.0
75.0
74.0
82.0
55.0
48.0
45.0
40.0
61.0
93.0
61.0
49.0
57.0
63.0
50.0
54.0
56.0
93.0
80.0
48.0
41.0
48.0
46.0
67.0
36.0
61.0
57.0
44.0
57.0
66.0
60.0
65.0
73.0
49.0
38.0
78.0
95.0
90.0
65.0
53.0
33.0
52.0
60.0
46.0
58.0
76.0
88.0
71.0
75.0
86.0
50.0
39.0
59.0
71.0
68.0
59.0
63.0
50.0
51.0
84.0
66.0
55.0
35.0
55.0
68.0
53.0
52.0
40.0
52.0
53.0
49.0
61.0
44.0
40.0
64.0
59.0
46.0
56.0
70.0
54.0
41.0
63.0
59.0
67.0
93.0
88.0
84.0
89.0
82.0
93.0
65.0
41.0
36.0
44.0
43.0
75.0
59.0
54.0
38.0
41.0
55.0
66.0
60.0
50.0
79.0
67.0
83.0
57.0
67.0
78.0
57.0
81.0
87.0
58.0
65.0
87.0
83.0
83.0
94.0
64.0
58.0
57.0
52.0
59.0
69.0
63.0
56.0
47.0
42.0
60.0
58.0
69.0
67.0
68.0
54.0
44.0
60.0
63.0
64.0
57.0
55.0
71.0
72.0
55.0
65.0
59.0
43.0
46.0
77.0
63.0
81.0
87.0
83.0
91.0
74.0
54.0
63.0
72.0
61.0
47.0
79.0
65.0
51.0
41.0
44.0
55.0
57.0
58.0
66.0
52.0
58.0
57.0
81.0
71.0
92.0
85.0
83.0
71.0
59.0
58.0
67.0
48.0
48.0
54.0
82.0
73.0
62.0
87.0
68.0
54.0
77.0
67.0
55.0
72.0
66.0
80.0
68.0
50.0
57.0
64.0
67.0
56.0
74.0
57.0
64.0
72.0
75.0
70.0
76.0
72.0
73.0
92.0
91.0
91.0
66.0
78.0
62.0
55.0
58.0
64.0
67.0
68.0
65.0
78.0
94.0
90.0
57.0
60.0
65.0
64.0
47.0
58.0
83.0
90.0
74.0
83.0
97.0
93.0
84.0
79.0
79.0
63.0
82.0
89.0
93.0
63.0
52.0
77.0
77.0
51.0
72.0
75.0
76.0
87.0
62.0
78.0
92.0
83.0
50.0
50.0
52.0
52.0
80.0
92.0
77.0
77.0
68.0
80.0
73.0
89.0
58.0
65.0
76.0
69.0
61.0
64.0
53.0
50.0
43.0
42.0
35.0
69.0
89.0
76.0
68.0
90.0
81.0
63.0
51.0
55.0
85.0
96.0
88.0
69.0
59.0
82.0
96.0
74.0
63.0
58.0
53.0
82.0
71.0
87.0
72.0
47.0
46.0
53.0
88.0
53.0
51.0
43.0
33.0
75.0
69.0
42.0
61.0
56.0
76.0
60.0
78.0
59.0
62.0
69.0
50.0
81.0
68.0
67.0
64.0
72.0
95.0
84.0
45.0
65.0
75.0
55.0
52.0
79.0
71.0
88.0
86.0
47.0
56.0
54.0
66.0
96.0
80.0
78.0
81.0
92.0
88.0
96.0
73.0
73.0
51.0
53.0
51.0
43.0
71.0
72.0
48.0
43.0
43.0
44.0
42.0
72.0
73.0
80.0
43.0
92.0
92.0
79.0
63.0
88.0
77.0
48.0
54.0
56.0
47.0
59.0
72.0
69.0
74.0
79.0
56.0
44.0
77.0
84.0
56.0
40.0
46.0
30.0
39.0
76.0
61.0
43.0
70.0
54.0
40.0
43.0
79.0
61.0
47.0
38.0
59.0
72.0
39.0
43.0
42.0
30.0
58.0
76.0
72.0
91.0
96.0
75.0
49.0
82.0
96.0
60.0
49.0
88.0
93.0
93.0
73.0
55.0
38.0
46.0
51.0
74.0
47.0
41.0
53.0
57.0
51.0
64.0
69.0
86.0
96.0
96.0
75.0
60.0
89.0
100.0
93.0
76.0
65.0
58.0
81.0
74.0
57.0
55.0
86.0
86.0
71.0
57.0
66.0
64.0
74.0
85.0
85.0
90.0
72.0
49.0
46.0
43.0
55.0
57.0
58.0
74.0
73.0
84.0
93.0
88.0
79.0
79.0
92.0
92.0
91.0
65.0
48.0
60.0
74.0
97.0
97.0
75.0
75.0
65.0
52.0
57.0
51.0
54.0
61.0
57.0
82.0
94.0
85.0
83.0
67.0
54.0
48.0
72.0
64.0
53.0
54.0
64.0
56.0
63.0
78.0
79.0
64.0
54.0
52.0
58.0
60.0
82.0
74.0
58.0
55.0
79.0
81.0
92.0
84.0
83.0
72.0
74.0
83.0
66.0
64.0
52.0
65.0
71.0
89.0
84.0
69.0
76.0
77.0
66.0
60.0
62.0
70.0
86.0
79.0
72.0
85.0
57.0
58.0
79.0
52.0
65.0
67.0
76.0
64.0
67.0
79.0
68.0
45.0
84.0
90.0
58.0
55.0
71.0
64.0
54.0
54.0
50.0
75.0
73.0
78.0
72.0
54.0
43.0
51.0
82.0
68.0
72.0
86.0
72.0
58.0
71.0
72.0
51.0
50.0
62.0
72.0
88.0
92.0
90.0
94.0
97.0
92.0
67.0
86.0
81.0
80.0
78.0
87.0
83.0
67.0
62.0
83.0
60.0
67.0
75.0
63.0
63.0
60.0
81.0
88.0
97.0
71.0
68.0
66.0
73.0
89.0
84.0
66.0
53.0
51.0
63.0
53.0
43.0
76.0
97.0
83.0
95.0
93.0
58.0
73.0
92.0
74.0
46.0
69.0
82.0
73.0
55.0
76.0
86.0
75.0
73.0
71.0
58.0
41.0
65.0
90.0
74.0
70.0
88.0
57.0
63.0
75.0
47.0
55.0
80.0
49.0
59.0
68.0
49.0
52.0
61.0
60.0
62.0
73.0
69.0
68.0
77.0
88.0
67.0
47.0
50.0
70.0
73.0
58.0
76.0
64.0
44.0
56.0
59.0
43.0
73.0
74.0
45.0
44.0
68.0
93.0
78.0
70.0
48.0
47.0
49.0
60.0
69.0
65.0
